-1.253900535289198315e+00 4.388042278789178741e-01
-5.574579925003074754e-01 -6.742276446438723037e-01
-2.380290289374794810e+00 -1.961141160527947735e-01
1.302359577110731914e+00 -3.642033749712195734e-01
1.883159803048683356e+00 2.261220314573937795e+00
4.856239696415042828e-01 1.761761797400920315e+00
8.426691648457992345e-01 -9.665149208260649383e-01
7.767846434912788200e-02 1.023997894300350264e+00
-2.511950803150977962e-01 -3.998267177677012341e-01
8.637949055921912977e-01 9.781977497451285197e-01
1.592059239873896193e+00 3.920290827038155346e-01
1.513130335401642046e-01 -4.732100958219876974e-01
1.016979525066674384e-01 -4.314173136094385241e-01
-9.543931854240521595e-01 6.887533925488437125e-01
-1.280494791022489975e+00 9.786722692357350262e-01
3.526621594355850431e-01 1.414528078705700631e+00
-1.043618457684809098e+00 -2.159253991707063225e+00
-6.739361395944719613e-01 2.884077682145806398e-01
6.844091861542112021e-01 2.914647257214069698e-01
-2.134403846106831981e+00 -7.311700691710654176e-01
2.418034202838062752e-01 -6.545486931981889800e-01
-3.956907689620745017e-01 4.405352352471409438e-01
-3.857843855000642752e-01 5.608971886392896122e-01
-3.668903482355894696e-01 -1.501494087165039515e+00
-1.049644926236426301e-01 5.041415531659101390e-01
-4.785009554387407160e-01 -1.191099866581129957e-01
-5.981973761133073664e-01 -1.802644384447868120e+00
5.863782195261973973e-01 6.207243339606077770e-01
1.098176044773882420e+00 5.002924925816889523e-01
-1.700641519074487795e-01 7.181533905420439678e-01
-1.366503813604630801e+00 -1.857585974543421115e+00
-4.750208453980260259e-01 -7.619581830755196572e-01
6.727733383578170523e-01 1.476721026536352843e+00
-8.415591812053144771e-01 -7.949898732176243765e-01
-1.985742425742086814e+00 1.309824671797617190e+00
-7.303168356968321451e-01 -5.967166488231960830e-01
-4.195065404493132366e-01 1.648967987963029513e-01
-1.062914277031850485e+00 1.397433299637249382e+00
-1.458772368438175926e-01 -1.154382914606285171e+00
-1.218972769124419209e+00 1.170899145342925163e+00
-5.234941738558844815e-01 -2.245481030850363657e-01
1.437145309462586562e+00 -1.803829522476610991e+00
-2.057947082044558229e+00 -3.947148800069167907e-01
-1.174710023527333336e+00 -1.730217028946668734e+00
-4.686083972797650543e-01 -1.055176747826323425e+00
1.850007692878841148e+00 9.886252293055844964e-01
3.661241307978981840e-01 1.078132019874219694e+00
6.688713754739670225e-01 -2.351363296907025835e-01
-1.981243276415437293e+00 -7.498722161727328084e-01
5.760373731563173116e-01 2.530389474269016947e-01
1.099548094268921083e+00 -4.144883984883209194e-01
2.168188995268041985e+00 8.085440337731361060e-01
3.975563878661325656e-01 -2.705176237850858145e-01
-1.164422442211424213e+00 6.095007350204723062e-01
-9.275804736505510739e-01 9.143055765133307755e-01
3.837907892011667155e-01 3.309470573751592259e-01
-6.187466967287132968e-01 -3.211532613870913822e-01
1.229483380671240855e+00 1.666249693019308475e+00
3.937975463157327577e-02 2.714863062199179833e-01
-1.313025720514191752e+00 1.839780756174920207e-01
-9.109686383258591702e-01 -1.348312030889004420e+00
1.245705362007801659e-01 2.975349104494914521e+00
6.085553324371408834e-01 8.298040792984633374e-01
6.498369854014277580e-01 -1.118300710237375428e+00
-4.172288847979633286e-01 -4.831299704332124301e-01
1.990017096534436813e+00 7.110849444383757767e-01
-6.707648399042396292e-01 -1.156949368806700518e+00
7.886776317730858077e-01 1.405993290929651973e+00
1.633157281812667616e+00 -3.194590866850924860e-01
-8.487016832803362387e-01 2.100022219363993359e-01
1.885581040534408392e-01 -1.133020548477818190e+00
1.290633591812644809e+00 1.015354158790816808e+00
-1.146147174143522240e-01 -1.358079382906858257e-01
-1.015894248910639980e-01 -1.250990143467066787e-03
2.128793498545452412e+00 1.207197092696145724e+00
-8.115171625549789935e-02 6.590537275695719233e-01
3.492287403745378827e-01 -6.204458916159055759e-01
8.321887255328545008e-01 7.106551753766462420e-01
-1.905141243641386428e-01 -2.408169267283379433e+00
1.493758056575515081e+00 7.129361561208704678e-01
-1.220892237376835610e+00 9.463899090031485661e-01
-9.243242467149105357e-01 9.433045527961110288e-01
-9.784926583631293751e-01 1.041392046721914877e+00
-1.474093410029844453e-01 -1.477135039555916407e+00
-1.979716947168569663e-01 -3.163011585115533264e-01
3.528349796934994176e-01 4.542769845240605675e-01
1.440989767412611089e+00 -6.163514441618827000e-01
5.683062171017932984e-01 3.986840667330484589e-01
1.133057423179986367e+00 7.997169988202175173e-01
1.927896340357298788e-01 6.983486000018296336e-01
-9.699236914731736992e-01 7.739134915221265176e-01
4.512447394769262266e-01 -1.212413634695163056e+00
1.598956234776888419e+00 2.655911975129651562e-04
4.597487654493429554e-01 2.484927951940859359e+00
4.297472792364082084e-01 -9.175006719197368321e-01
-6.142226673909749746e-01 -1.448764964149382717e+00
-1.477888300358581430e+00 -8.100124301112254788e-01
-9.801307843714663903e-01 -2.032720312341506075e-01
-1.079324726721384797e+00 9.114441973439005862e-01
-7.276510787914090839e-02 -1.120690556312540220e+00
-7.840173094713376312e-01 -4.673793326120890580e-03
-5.120906357574130929e-01 -4.305273202345358957e-02
1.735413365352176829e+00 -6.326069859611423984e-01
-9.265665790586248285e-01 1.071006713035087765e+00
9.938210002096417028e-01 -6.602932492830048128e-01
-2.720058246706549832e-01 -8.776818711579394972e-01
-1.275303399957602446e+00 -1.226515260942963870e-01
-6.535989337761946016e-01 1.301786982820145600e+00
-2.231518242934475149e-01 7.360384389937500993e-01
-1.740000239186046516e+00 -2.850468719517453287e-01
-8.857807258860883604e-01 7.905505251800851174e-02
4.513686710545150582e-01 -1.584907313105543836e-01
-1.528823425207742892e-01 7.593868625699885522e-01
7.716411589688118022e-01 7.670178224697125902e-02
5.198190971812911565e-01 1.392962401856945753e+00
-6.053374661726013128e-01 -4.361049532284369534e-01
-1.580795088261292891e+00 -1.530728296299675106e+00
1.324454932109117022e+00 -1.410898252765848460e+00
3.855878445335743088e-01 -2.464957098310943950e-01
7.928660496807290459e-01 -1.621952122957820652e+00
7.939307807482869350e-01 1.300109355749433870e+00
-7.572188305628748672e-01 -4.858489116307175282e-01
1.647233894324596770e-01 -2.410108481631030031e-01
1.263722298946031275e+00 6.947773845458952158e-01
-1.300916878711698477e+00 -3.338798312445923622e-01
-1.362480834088198201e+00 2.174588288261996460e+00
-2.023213542982139401e+00 1.883365817145285614e+00
9.275955370148700543e-03 -7.190856426869214613e-02
